-1.848067e+03
-9.094868e+02
-8.844031e+02
-8.594643e+02
-8.792579e+02
-8.553116e+02
-8.608937e+02
-8.513713e+02
-8.610097e+02
-9.050289e+02
-9.048614e+02
-9.048839e+02
-8.801974e+02
-8.516853e+02
-8.716749e+02
-8.650178e+02
-8.697590e+02
-8.676904e+02
-8.662708e+02
-8.527902e+02
-8.475453e+02
-8.452331e+02
-8.674442e+02
-8.686467e+02
-8.675297e+02
-8.675219e+02
-8.681077e+02
-8.672844e+02
-8.674084e+02
-8.677731e+02
-8.670452e+02
-8.668301e+02
-8.665139e+02
-8.684617e+02
-8.677086e+02
-8.668369e+02
-8.668380e+02
-8.678516e+02
-8.667530e+02
-8.673223e+02
-8.668160e+02
-8.670554e+02
-8.687909e+02
-8.674079e+02
-8.680099e+02
-8.675331e+02
-8.668287e+02
-8.664419e+02
-8.674266e+02
-8.675687e+02
-8.699607e+02
-8.676599e+02
-8.678292e+02
-8.703280e+02
-8.693508e+02
-8.668717e+02
-8.664718e+02
-8.672412e+02
-8.666587e+02
-8.680793e+02
-8.671592e+02
-8.672437e+02
-8.666110e+02
-8.675926e+02
-8.667766e+02
-8.666979e+02
-8.664799e+02
-8.665979e+02
-8.666454e+02
-8.673896e+02
-8.669382e+02
-8.678226e+02
-8.670693e+02
-8.687275e+02
-8.664820e+02
-8.669943e+02
-8.702741e+02
-8.674136e+02
-8.666080e+02
-8.688595e+02
-8.682667e+02
-8.666810e+02
-8.666339e+02
-8.682863e+02
-8.689713e+02
-8.675323e+02
-8.666846e+02
-8.664486e+02
-8.668931e+02
-8.670708e+02
-8.702095e+02
-8.676901e+02
-8.675023e+02
-8.673516e+02
-8.671274e+02
-8.665401e+02
-8.678215e+02
-8.668311e+02
-8.673382e+02
-8.666493e+02
-8.672427e+02
-8.668564e+02
-8.678766e+02
-8.712441e+02
-8.668241e+02
-8.672219e+02
-8.679759e+02
-8.664695e+02
-8.665168e+02
-8.667653e+02
-8.667854e+02
-8.680453e+02
-8.664303e+02
-8.680726e+02
-8.675508e+02
-8.670081e+02
-8.672788e+02
-8.665547e+02
-8.671491e+02
-8.681602e+02
-8.672202e+02
-8.678969e+02
-8.665807e+02
-8.682659e+02
-8.677235e+02
-8.664948e+02
-8.695592e+02
-8.693281e+02
-8.711094e+02
-8.669002e+02
-8.664572e+02
-8.670324e+02
-8.675287e+02
-8.676657e+02
-8.671169e+02
-8.669229e+02
-8.669972e+02
-8.680693e+02
-8.669011e+02
-8.637501e+02
-8.633318e+02
-8.644455e+02
-8.667316e+02
-8.650326e+02
-8.640433e+02
-8.631532e+02
-8.635700e+02
-8.667858e+02
-8.634788e+02
-8.648533e+02
-8.644995e+02
-8.644459e+02
-8.650714e+02
-8.633120e+02
-8.629795e+02
-8.631702e+02
-8.659365e+02
-8.633714e+02
-8.639662e+02
-8.631189e+02
-8.640749e+02
-8.638374e+02
-8.630772e+02
-8.632132e+02
-8.649846e+02
-8.636513e+02
-8.652118e+02
-8.631008e+02
-8.635710e+02
-8.630332e+02
-8.659068e+02
-8.637418e+02
-8.631360e+02
-8.630983e+02
-8.635317e+02
-8.630956e+02
-8.661532e+02
-8.637143e+02
-8.642201e+02
-8.643500e+02
-8.631702e+02
-8.636159e+02
-8.640285e+02
-8.631787e+02
-8.641826e+02
-8.630833e+02
-8.633232e+02
-8.629939e+02
-8.632828e+02
-8.636401e+02
-8.639072e+02
-8.629634e+02
-8.643039e+02
-8.631494e+02
-8.631616e+02
-8.635180e+02
-8.639041e+02
-8.629791e+02
-8.640815e+02
-8.646743e+02
-8.637511e+02
-8.644483e+02
-8.676550e+02
-8.645499e+02
-8.631390e+02
-8.637984e+02
-8.636084e+02
-8.647921e+02
-8.643259e+02
-8.648301e+02
-8.633091e+02
-8.642823e+02
-8.633126e+02
-8.641441e+02
-8.634406e+02
-8.630225e+02
-8.654074e+02
-8.634179e+02
-8.638067e+02
-8.635098e+02
-8.630576e+02
-8.635622e+02
-8.630441e+02
-8.630648e+02
-8.641670e+02
-8.632542e+02
-8.640717e+02
-8.634217e+02
-8.682317e+02
-8.662020e+02
-8.630913e+02
-8.630818e+02
-8.636148e+02
-8.640123e+02
-8.658810e+02
-8.631175e+02
-8.656046e+02
-8.630437e+02
-8.631650e+02
-8.635296e+02
-8.631832e+02
-8.643397e+02
-8.635256e+02
-8.631033e+02
-8.640507e+02
-8.630664e+02
-8.638048e+02
-8.639403e+02
-8.634234e+02
-8.632484e+02
-8.643665e+02
-8.635668e+02
-8.634765e+02
-8.650017e+02
-8.644446e+02
-8.635503e+02
-8.655805e+02
-8.629718e+02
-8.667547e+02
-8.642414e+02
-8.636480e+02
-8.646230e+02
-8.637709e+02
-8.641500e+02
-8.629935e+02
-8.630160e+02
-8.640555e+02
-8.635087e+02
-8.631080e+02
-8.631843e+02
-8.653374e+02
-8.643516e+02
-8.650470e+02
-8.654341e+02
-8.637498e+02
-8.629972e+02
-8.635816e+02
-8.632888e+02
-8.630405e+02
-8.629909e+02
-8.637354e+02
-8.674198e+02
-8.633674e+02
-8.642177e+02
-8.638106e+02
-8.629727e+02
-8.633595e+02
-8.632387e+02
-8.657688e+02
-8.629640e+02
-8.634328e+02
-8.635280e+02
-8.645989e+02
-8.631868e+02
-8.638326e+02
-8.662409e+02
-8.649853e+02
-8.650996e+02
-8.643004e+02
-8.635065e+02
-8.649882e+02
-8.630718e+02
-8.630931e+02
-8.638323e+02
-8.633858e+02
-8.635309e+02
-8.632465e+02
-8.640172e+02
-8.650352e+02
-8.644829e+02
-8.655904e+02
-8.647763e+02
-8.639973e+02
-8.665762e+02
-8.637183e+02
-8.645858e+02
-8.636973e+02
-8.647764e+02
-8.640252e+02
-8.641180e+02
-8.647198e+02
-8.653105e+02
-8.638267e+02
-8.637736e+02
-8.651337e+02
-8.647675e+02
-8.637489e+02
-8.637153e+02
-8.657872e+02
-8.642217e+02
-8.642387e+02
-8.629519e+02
-8.631297e+02
-8.628329e+02
-8.631720e+02
-8.647571e+02
-8.667633e+02
-8.636344e+02
-8.630329e+02
-8.628028e+02
-8.633393e+02
-8.628896e+02
-8.646215e+02
-8.637858e+02
-8.628564e+02
-8.631693e+02
-8.626393e+02
-8.641573e+02
-8.626757e+02
-8.641131e+02
-8.645316e+02
-8.653988e+02
-8.641319e+02
-8.632292e+02
-8.626349e+02
-8.629028e+02
-8.635578e+02
-8.653511e+02
-8.644216e+02
-8.631839e+02
-8.632018e+02
-8.626783e+02
-8.626896e+02
-8.632865e+02
-8.647691e+02
-8.629650e+02
-8.651620e+02
-8.639082e+02
-8.631948e+02
-8.627046e+02
-8.627351e+02
-8.631160e+02
-8.627479e+02
-8.641693e+02
-8.656252e+02
-8.632188e+02
-8.636618e+02
-8.628601e+02
-8.634443e+02
-8.634061e+02
-8.630846e+02
-8.650112e+02
-8.630671e+02
-8.629788e+02
-8.628545e+02
-8.627944e+02
-8.627344e+02
-8.630743e+02
-8.662513e+02
-8.651718e+02
-8.640568e+02
-8.636011e+02
-8.661397e+02
-8.627967e+02
-8.634612e+02
-8.629394e+02
-8.675440e+02
-8.636118e+02
-8.655016e+02
-8.626820e+02
-8.639512e+02
-8.626442e+02
-8.631828e+02
-8.652152e+02
-8.633691e+02
-8.637485e+02
-8.634428e+02
-8.628933e+02
-8.659879e+02
-8.659198e+02
-8.635714e+02
-8.660960e+02
-8.626316e+02
-8.632362e+02
-8.628006e+02
-8.642435e+02
-8.630675e+02
-8.634850e+02
-8.626878e+02
-8.627357e+02
-8.627239e+02
-8.638862e+02
-8.651502e+02
-8.630789e+02
-8.639748e+02
-8.651534e+02
-8.645542e+02
-8.633938e+02
-8.660814e+02
-8.627962e+02
-8.649087e+02
-8.640801e+02
-8.628849e+02
-8.632248e+02
-8.628625e+02
-8.645470e+02
-8.630761e+02
-8.634818e+02
-8.640623e+02
-8.634398e+02
-8.646358e+02
-8.638599e+02
-8.652923e+02
-8.628990e+02
-8.637044e+02
-8.636797e+02
-8.631501e+02
-8.635176e+02
-8.631913e+02
-8.630502e+02
-8.632671e+02
-8.632697e+02
-8.658585e+02
-8.630649e+02
-8.633548e+02
-8.632518e+02
-8.639785e+02
-8.636800e+02
-8.629065e+02
-8.630600e+02
-8.647453e+02
-8.637479e+02
-8.633868e+02
-8.626948e+02
-8.633647e+02
-8.655227e+02
-8.633026e+02
-8.630277e+02
-8.645646e+02
-8.648014e+02
-8.629893e+02
-8.635426e+02
-8.628300e+02
-8.629519e+02
-8.633904e+02
-8.668367e+02
-8.627284e+02
-8.630258e+02
-8.639604e+02
-8.627682e+02
-8.640547e+02
-8.636250e+02
-8.627514e+02
-8.643160e+02
-8.629668e+02
-8.635351e+02
-8.627541e+02
-8.633530e+02
-8.632618e+02
-8.644207e+02
-8.627827e+02
-8.644248e+02
-8.627028e+02
-8.647426e+02
-8.629913e+02
-8.630915e+02
-8.637921e+02
-8.634063e+02
-8.628591e+02
-8.632666e+02
-8.628651e+02
-8.636997e+02
-8.630189e+02
-8.642566e+02
-8.638005e+02
-8.647417e+02
-8.632117e+02
-8.633561e+02
-8.646439e+02
-8.634423e+02
-8.659930e+02
-8.626511e+02
-8.630388e+02
-8.632578e+02
-8.635019e+02
-8.630818e+02
-8.652492e+02
-8.626563e+02
-8.636167e+02
-8.606391e+02
-8.642642e+02
-8.599901e+02
-8.583554e+02
-8.601866e+02
-8.582227e+02
-8.602324e+02
-8.576520e+02
-8.576926e+02
-8.576882e+02
-8.577717e+02
-8.588282e+02
-8.583933e+02
-8.581194e+02
-8.575510e+02
-8.579158e+02
-8.587329e+02
-8.592398e+02
-8.582893e+02
-8.596334e+02
-8.585941e+02
-8.653258e+02
-8.580300e+02
-8.583882e+02
-8.576185e+02
-8.591044e+02
-8.580567e+02
-8.575505e+02
-8.581236e+02
-8.581462e+02
-8.593800e+02
-8.575910e+02
-8.588349e+02
-8.581558e+02
-8.584443e+02
-8.580487e+02
-8.589877e+02
-8.575911e+02
-8.625951e+02
-8.576150e+02
-8.576663e+02
-8.576515e+02
-8.579276e+02
-8.577188e+02
-8.576018e+02
-8.583340e+02
-8.588052e+02
-8.575591e+02
-8.578128e+02
-8.583957e+02
-8.575686e+02
-8.588712e+02
-8.580632e+02
-8.583035e+02
-8.616672e+02
-8.576971e+02
-8.578929e+02
-8.578224e+02
-8.584751e+02
-8.578578e+02
-8.596680e+02
-8.590515e+02
-8.582809e+02
-8.575384e+02
-8.580035e+02
-8.577625e+02
-8.581011e+02
-8.576645e+02
-8.583348e+02
-8.583873e+02
-8.576090e+02
-8.596315e+02
-8.577753e+02
-8.595411e+02
-8.597070e+02
-8.578699e+02
-8.581245e+02
-8.578622e+02
-8.577536e+02
-8.576070e+02
-8.607256e+02
-8.578975e+02
-8.575715e+02
-8.576834e+02
-8.576644e+02
-8.580305e+02
-8.576436e+02
-8.594094e+02
-8.578427e+02
-8.578347e+02
-8.589603e+02
-8.588848e+02
-8.575624e+02
-8.587118e+02
-8.578883e+02
-8.612137e+02
-8.586335e+02
-8.582887e+02
-8.582253e+02
-8.594722e+02
-8.578844e+02
-8.585299e+02
-8.591200e+02
-8.607596e+02
-8.577013e+02
-8.587601e+02
-8.576041e+02
-8.605448e+02
-8.579577e+02
-8.579868e+02
-8.589566e+02
-8.577095e+02
-8.585709e+02
-8.576937e+02
-8.611597e+02
-8.575529e+02
-8.579330e+02
-8.587376e+02
-8.587521e+02
-8.581143e+02
-8.595393e+02
-8.576424e+02
-8.594691e+02
-8.590626e+02
-8.575732e+02
-8.603203e+02
-8.590602e+02
-8.577491e+02
-8.577652e+02
-8.586854e+02
-8.576528e+02
-8.575353e+02
-8.578005e+02
-8.594013e+02
-8.579691e+02
-8.588667e+02
-8.586008e+02
-8.609338e+02
-8.615909e+02
-8.585723e+02
-8.587907e+02
-8.579247e+02
-8.583490e+02
-8.619930e+02
-8.578614e+02
-8.586836e+02
-8.580148e+02
-8.581381e+02
-8.593678e+02
-8.580218e+02
-8.583391e+02
-8.586863e+02
-8.623000e+02
-8.587092e+02
-8.579028e+02
-8.576915e+02
-8.580018e+02
-8.577840e+02
-8.575586e+02
-8.580900e+02
-8.577288e+02
-8.581608e+02
-8.593239e+02
-8.583315e+02
-8.585489e+02
-8.578487e+02
-8.578163e+02
-8.593561e+02
-8.602008e+02
-8.576817e+02
-8.579153e+02
-8.578780e+02
-8.578144e+02
-8.577016e+02
-8.614578e+02
-8.580645e+02
-8.591465e+02
-8.596393e+02
-8.577210e+02
-8.578695e+02
-8.597177e+02
-8.582858e+02
-8.580398e+02
-8.583110e+02
-8.585662e+02
-8.580671e+02
-8.588361e+02
-8.598191e+02
-8.578381e+02
-8.581188e+02
-8.580966e+02
-8.579910e+02
-8.578891e+02
-8.584207e+02
-8.593300e+02
-8.579001e+02
-8.586474e+02
-8.586270e+02
-8.606636e+02
-8.579106e+02
-8.582710e+02
-8.594002e+02
-8.595004e+02
-8.578713e+02
-8.580009e+02
-8.592108e+02
-8.579421e+02
-8.577632e+02
-8.581506e+02
-8.589484e+02
-8.579955e+02
-8.578122e+02
-8.584786e+02
-8.590188e+02
-8.595443e+02
-8.577844e+02
-8.602512e+02
-8.578634e+02
-8.583308e+02
-8.578284e+02
-8.581089e+02
-8.598320e+02
-8.576296e+02
-8.593602e+02
-8.585970e+02
-8.592930e+02
-8.592562e+02
-8.585418e+02
-8.598340e+02
-8.585165e+02
-8.621224e+02
-8.582937e+02
-8.595446e+02
-8.579376e+02
-8.575396e+02
-8.610266e+02
-8.580899e+02
-8.579351e+02
-8.576295e+02
-8.594628e+02
-8.578188e+02
-8.578783e+02
-8.584608e+02
-8.577694e+02
-8.581425e+02
-8.601293e+02
-8.586054e+02
-8.584819e+02
-8.581407e+02
-8.582396e+02
-8.598516e+02
-8.575935e+02
-8.577566e+02
-8.577733e+02
-8.592237e+02
-8.584715e+02
-8.578751e+02
-8.596875e+02
-8.602019e+02
-8.578472e+02
-8.590584e+02
-8.579212e+02
-8.577869e+02
-8.576439e+02
-8.579938e+02
-8.579729e+02
-8.575367e+02
-8.589887e+02
-8.581006e+02
-8.591726e+02
-8.579110e+02
-8.589812e+02
-8.589881e+02
-8.585977e+02
-8.577257e+02
-8.579365e+02
-8.607466e+02
-8.591111e+02
-8.596042e+02
-8.590920e+02
-8.576931e+02
-8.583100e+02
-8.576635e+02
-8.582796e+02
-8.576638e+02
-8.576001e+02
-8.583352e+02
-8.576464e+02
-8.585264e+02
-8.597169e+02
-8.597938e+02
-8.589260e+02
-8.576899e+02
-8.600791e+02
-8.576882e+02
-8.587018e+02
-8.578568e+02
-8.576997e+02
-8.589366e+02
-8.595564e+02
-8.589243e+02
-8.581758e+02
-8.578285e+02
-8.585222e+02
-8.583420e+02
-8.589079e+02
-8.575568e+02
-8.594792e+02
-8.595824e+02
-8.585804e+02
-8.597909e+02
-8.587033e+02
-8.579708e+02
-8.579830e+02
-8.576152e+02
-8.594329e+02
-8.576317e+02
-8.598586e+02
-8.578283e+02
-8.576448e+02
-8.598294e+02
-8.580113e+02
-8.583898e+02
-8.586280e+02
-8.576619e+02
-8.592466e+02
-8.586189e+02
-8.576894e+02
-8.613647e+02
-8.575450e+02
-8.593297e+02
-8.600484e+02
-8.575723e+02
-8.578330e+02
-8.575785e+02
-8.577736e+02
-8.591319e+02
-8.579040e+02
-8.577031e+02
-8.598560e+02
-8.575937e+02
-8.575785e+02
-8.584185e+02
-8.587935e+02
-8.576966e+02
-8.602540e+02
-8.580174e+02
-8.575608e+02
-8.586722e+02
-8.594245e+02
-8.579374e+02
-8.586074e+02
-8.576147e+02
-8.579736e+02
-8.585870e+02
-8.585294e+02
-8.584587e+02
-8.589410e+02
-8.585685e+02
-8.592467e+02
-8.582024e+02
-8.594629e+02
-8.590274e+02
-8.575570e+02
-8.575493e+02
-8.575719e+02
-8.589719e+02
-8.587678e+02
-8.581081e+02
-8.576088e+02
-8.583833e+02
-8.580620e+02
-8.585443e+02
-8.578143e+02
-8.578044e+02
-8.582152e+02
-8.585510e+02
-8.576071e+02
-8.575701e+02
-8.585311e+02
-8.582393e+02
-8.575926e+02
-8.577915e+02
-8.578274e+02
-8.581686e+02
-8.594193e+02
-8.576265e+02
-8.577777e+02
-8.588976e+02
-8.586723e+02
-8.577548e+02
-8.601998e+02
-8.579345e+02
-8.590351e+02
-8.586947e+02
-8.619660e+02
-8.588333e+02
-8.580881e+02
-8.575989e+02
-8.576708e+02
-8.588846e+02
-8.580742e+02
-8.579625e+02
-8.583316e+02
-8.579192e+02
-8.602601e+02
-8.575384e+02
-8.576052e+02
-8.601851e+02
-8.581203e+02
-8.575816e+02
-8.581269e+02
-8.579444e+02
-8.582200e+02
-8.580303e+02
-8.581565e+02
-8.580412e+02
-8.579901e+02
-8.583833e+02
-8.576491e+02
-8.578074e+02
-8.585188e+02
-8.575712e+02
-8.578711e+02
-8.576994e+02
-8.603514e+02
-8.575413e+02
-8.583814e+02
-8.575548e+02
-8.579022e+02
-8.575740e+02
-8.579517e+02
-8.584258e+02
-8.593974e+02
-8.583267e+02
-8.601381e+02
-8.576787e+02
-8.610069e+02
-8.580825e+02
-8.576211e+02
-8.596979e+02
-8.578641e+02
-8.587631e+02
-8.575593e+02
-8.581708e+02
-8.589139e+02
-8.578765e+02
-8.583142e+02
-8.589656e+02
-8.576531e+02
-8.584623e+02
-8.589159e+02
-8.579248e+02
-8.588715e+02
-8.577635e+02
-8.583427e+02
-8.578795e+02
-8.577175e+02
-8.577236e+02
-8.576578e+02
-8.576625e+02
-8.580957e+02
-8.586362e+02
-8.583286e+02
-8.579839e+02
-8.580249e+02
-8.579405e+02
-8.581202e+02
-8.585070e+02
-8.586731e+02
-8.576197e+02
-8.589531e+02
-8.597026e+02
-8.594559e+02
-8.587579e+02
-8.576011e+02
-8.581220e+02
-8.586459e+02
-8.581712e+02
-8.576133e+02
-8.580515e+02
-8.590257e+02
-8.576084e+02
-8.583103e+02
-8.578105e+02
-8.590663e+02
-8.577811e+02
-8.611718e+02
-8.580059e+02
-8.581304e+02
-8.580374e+02
-8.578366e+02
-8.579439e+02
-8.575763e+02
-8.575781e+02
-8.577274e+02
-8.578828e+02
-8.575446e+02
-8.583621e+02
-8.579443e+02
-8.584637e+02
-8.595972e+02
-8.575409e+02
-8.597063e+02
-8.576567e+02
-8.577553e+02
-8.582302e+02
-8.588366e+02
-8.578734e+02
-8.586735e+02
-8.588601e+02
-8.601136e+02
-8.581812e+02
-8.578503e+02
-8.600747e+02
-8.606705e+02
-8.592241e+02
-8.576577e+02
-8.584336e+02
-8.582299e+02
-8.582932e+02
-8.577110e+02
-8.581549e+02
-8.596682e+02
-8.577860e+02
-8.575603e+02
-8.589781e+02
-8.602097e+02
-8.577601e+02
-8.587427e+02
-8.579708e+02
-8.580723e+02
-8.589258e+02
-8.576771e+02
-8.583458e+02
-8.589312e+02
-8.578268e+02
-8.607809e+02
-8.590255e+02
-8.591024e+02
-8.576965e+02
-8.582806e+02
-8.575445e+02
-8.588534e+02
-8.587624e+02
-8.615825e+02
-8.593657e+02
-8.575876e+02
-8.591576e+02
-8.576055e+02
-8.575428e+02
-8.581307e+02
-8.580957e+02
-8.576484e+02
-8.578105e+02
-8.578311e+02
-8.575766e+02
-8.581250e+02
-8.581043e+02
-8.579673e+02
-8.582792e+02
-8.582153e+02
-8.592335e+02
-8.579479e+02
-8.599161e+02
-8.585442e+02
-8.584717e+02
-8.585849e+02
-8.580536e+02
-8.582502e+02
-8.578931e+02
-8.606712e+02
-8.581168e+02
-8.595159e+02
-8.593255e+02
-8.595683e+02
-8.586374e+02
-8.576332e+02
-8.587453e+02
-8.578014e+02
-8.586406e+02
-8.575814e+02
-8.597397e+02
-8.575790e+02
-8.578207e+02
-8.597057e+02
-8.578102e+02
-8.592388e+02
-8.589358e+02
-8.586818e+02
-8.583701e+02
-8.586074e+02
-8.605742e+02
-8.616990e+02
-8.578898e+02
-8.585737e+02
-8.582298e+02
-8.591444e+02
-8.590458e+02
-8.591165e+02
-8.601320e+02
-8.579462e+02
-8.576170e+02
-8.599305e+02
-8.579072e+02
-8.577148e+02
-8.582145e+02
-8.589649e+02
-8.576634e+02
-8.595505e+02
-8.576496e+02
-8.583896e+02
-8.588044e+02
-8.589767e+02
-8.579785e+02
-8.588776e+02
-8.586067e+02
-8.577196e+02
-8.579065e+02
-8.583894e+02
-8.585027e+02
-8.590576e+02
-8.592558e+02
-8.577789e+02
-8.577894e+02
-8.581068e+02
-8.610104e+02
-8.606913e+02
-8.605248e+02
-8.575520e+02
-8.591140e+02
-8.578592e+02
-8.585608e+02
-8.590343e+02
-8.582200e+02
-8.601264e+02
-8.579266e+02
-8.589184e+02
-8.575816e+02
-8.575325e+02
-8.582592e+02
-8.581478e+02
-8.580535e+02
-8.576066e+02
-8.578799e+02
-8.577405e+02
-8.577852e+02
-8.580199e+02
-8.580457e+02
-8.583247e+02
-8.579488e+02
-8.576301e+02
-8.611695e+02
-8.581922e+02
-8.583419e+02
-8.575370e+02
-8.583490e+02
-8.578311e+02
-8.606452e+02
-8.589739e+02
-8.579958e+02
-8.588227e+02
-8.587362e+02
-8.579097e+02
-8.583623e+02
-8.576722e+02
-8.602334e+02
-8.582167e+02
-8.577100e+02
-8.575592e+02
-8.591218e+02
-8.578533e+02
-8.576869e+02
-8.583741e+02
-8.588300e+02
-8.580900e+02
-8.575650e+02
-8.586382e+02
-8.597533e+02
-8.594231e+02
-8.578317e+02
-8.598623e+02
-8.591059e+02
-8.576187e+02
-8.585171e+02
-8.592541e+02
-8.593547e+02
-8.577478e+02
-8.578691e+02
-8.593224e+02
-8.587074e+02
-8.575913e+02
-8.606322e+02
-8.583062e+02
-8.604710e+02
-8.594773e+02
-8.578009e+02
-8.590700e+02
-8.601864e+02
-8.596220e+02
-8.588627e+02
-8.609813e+02
-8.606116e+02
-8.578476e+02
-8.589571e+02
-8.604258e+02
-8.598990e+02
-8.583369e+02
-8.588275e+02
-8.575981e+02
-8.581119e+02
-8.592098e+02
-8.588553e+02
-8.604760e+02
-8.576718e+02
-8.625352e+02
-8.583506e+02
-8.576720e+02
-8.591855e+02
-8.588032e+02
-8.589044e+02
-8.583003e+02
-8.587123e+02
-8.575697e+02
-8.585851e+02
-8.585546e+02
-8.581178e+02
-8.594073e+02
-8.580823e+02
-8.590488e+02
-8.576845e+02
-8.577314e+02
-8.589666e+02
-8.594247e+02
-8.603378e+02
-8.601133e+02
-8.554479e+02
-8.538989e+02
-8.548085e+02
-8.540456e+02
-8.539092e+02
-8.576711e+02
-8.547183e+02
-8.569479e+02
-8.550636e+02
-8.549636e+02
-8.539146e+02
-8.552102e+02
-8.552493e+02
-8.559714e+02
-8.567369e+02
-8.544746e+02
-8.542703e+02
-8.560268e+02
-8.550383e+02
-8.566787e+02
-8.540832e+02
-8.539734e+02
-8.546298e+02
-8.539763e+02
-8.559778e+02
-8.543056e+02
-8.554848e+02
-8.540522e+02
-8.550259e+02
-8.543400e+02
-8.540278e+02
-8.545097e+02
-8.552307e+02
-8.554662e+02
-8.543499e+02
-8.541181e+02
-8.552077e+02
-8.553714e+02
-8.553150e+02
-8.543461e+02
-8.563782e+02
-8.580136e+02
-8.542222e+02
-8.561043e+02
-8.539512e+02
-8.548399e+02
-8.544015e+02
-8.539021e+02
-8.546426e+02
-8.545272e+02
-8.544373e+02
-8.545876e+02
-8.540745e+02
-8.546890e+02
-8.546643e+02
-8.545959e+02
-8.567276e+02
-8.542384e+02
-8.555240e+02
-8.546486e+02
-8.546565e+02
-8.554744e+02
-8.539791e+02
-8.541376e+02
-8.556514e+02
-8.539944e+02
-8.541151e+02
-8.549029e+02
-8.548843e+02
-8.555377e+02
-8.552957e+02
-8.539055e+02
-8.544734e+02
-8.557599e+02
-8.555263e+02
-8.544550e+02
-8.538772e+02
-8.553033e+02
-8.541225e+02
-8.539949e+02
-8.568858e+02
-8.548082e+02
-8.544790e+02
-8.583991e+02
-8.539130e+02
-8.552965e+02
-8.542136e+02
-8.558946e+02
-8.552692e+02
-8.543434e+02
-8.548739e+02
-8.539774e+02
-8.540983e+02
-8.540669e+02
-8.540648e+02
-8.544274e+02
-8.552778e+02
-8.542545e+02
-8.545180e+02
-8.548167e+02
-8.540126e+02
-8.555270e+02
-8.541544e+02
-8.539746e+02
-8.553414e+02
-8.542566e+02
-8.542078e+02
-8.553461e+02
-8.554263e+02
-8.539848e+02
-8.555520e+02
-8.559839e+02
-8.541518e+02
-8.567126e+02
-8.609561e+02
-8.542258e+02
-8.553068e+02
-8.541002e+02
-8.576634e+02
-8.556787e+02
-8.545215e+02
-8.544698e+02
-8.571771e+02
-8.543819e+02
-8.543287e+02
-8.540475e+02
-8.544205e+02
-8.570170e+02
-8.547670e+02
-8.545790e+02
-8.551888e+02
-8.544696e+02
-8.555525e+02
-8.547045e+02
-8.551391e+02
-8.541817e+02
-8.547419e+02
-8.545061e+02
-8.577944e+02
-8.539541e+02
-8.540417e+02
-8.568052e+02
-8.551751e+02
-8.561331e+02
-8.540427e+02
-8.565646e+02
-8.541403e+02
-8.545319e+02
-8.541676e+02
-8.543231e+02
-8.544465e+02
-8.552188e+02
-8.543344e+02
-8.539732e+02
-8.566332e+02
-8.542221e+02
-8.552520e+02
-8.541373e+02
-8.541961e+02
-8.547374e+02
-8.597638e+02
-8.540210e+02
-8.560997e+02
-8.564491e+02
-8.558427e+02
-8.572533e+02
-8.544245e+02
-8.550610e+02
-8.539316e+02
-8.538880e+02
-8.547301e+02
-8.544308e+02
-8.551636e+02
-8.541930e+02
-8.538582e+02
-8.550537e+02
-8.539137e+02
-8.542659e+02
-8.541246e+02
-8.554169e+02
-8.553429e+02
-8.539559e+02
-8.544113e+02
-8.563234e+02
-8.545828e+02
-8.552536e+02
-8.540668e+02
-8.558996e+02
-8.558906e+02
-8.555175e+02
-8.539711e+02
-8.558022e+02
-8.540816e+02
-8.540903e+02
-8.549866e+02
-8.544944e+02
-8.557352e+02
-8.540481e+02
-8.542443e+02
-8.541646e+02
-8.566440e+02
-8.542077e+02
-8.548768e+02
-8.553826e+02
-8.557025e+02
-8.543740e+02
-8.555227e+02
-8.551258e+02
-8.543817e+02
-8.547957e+02
-8.560959e+02
-8.547978e+02
-8.547614e+02
-8.540371e+02
-8.541934e+02
-8.560062e+02
-8.540081e+02
-8.542194e+02
-8.539596e+02
-8.553459e+02
-8.539563e+02
-8.557034e+02
-8.552104e+02
-8.540068e+02
-8.578452e+02
-8.544599e+02
-8.544336e+02
-8.545346e+02
-8.543886e+02
-8.543393e+02
-8.581241e+02
-8.542577e+02
-8.550016e+02
-8.548124e+02
-8.543684e+02
-8.553448e+02
-8.547357e+02
-8.542340e+02
-8.542456e+02
-8.556031e+02
-8.559269e+02
-8.541617e+02
-8.549299e+02
-8.560147e+02
-8.545769e+02
-8.542632e+02
-8.550738e+02
-8.539142e+02
-8.560046e+02
-8.551973e+02
-8.540408e+02
-8.577372e+02
-8.538731e+02
-8.542579e+02
-8.552329e+02
-8.549959e+02
-8.557558e+02
-8.556667e+02
-8.549993e+02
-8.539555e+02
-8.567963e+02
-8.548436e+02
-8.538777e+02
-8.569253e+02
-8.547425e+02
-8.546107e+02
-8.539048e+02
-8.547720e+02
-8.554784e+02
-8.540883e+02
-8.550055e+02
-8.549394e+02
-8.547049e+02
-8.552154e+02
-8.542345e+02
-8.543782e+02
-8.557030e+02
-8.555075e+02
-8.542365e+02
-8.540899e+02
-8.540964e+02
-8.544652e+02
-8.550781e+02
-8.554113e+02
-8.541301e+02
-8.546363e+02
-8.546588e+02
-8.540750e+02
-8.571661e+02
-8.547574e+02
-8.540274e+02
-8.606572e+02
-8.554382e+02
-8.539215e+02
-8.577840e+02
-8.555030e+02
-8.542355e+02
-8.546458e+02
-8.543597e+02
-8.546540e+02
-8.545403e+02
-8.546093e+02
-8.544805e+02
-8.562395e+02
-8.551776e+02
-8.541839e+02
-8.541005e+02
-8.551067e+02
-8.547182e+02
-8.541153e+02
-8.538747e+02
-8.552961e+02
-8.540054e+02
-8.544242e+02
-8.559231e+02
-8.559356e+02
-8.538633e+02
-8.541392e+02
-8.546688e+02
-8.539125e+02
-8.551582e+02
-8.544356e+02
-8.539901e+02
-8.551478e+02
-8.546006e+02
-8.540656e+02
-8.546100e+02
-8.545872e+02
-8.565941e+02
-8.542450e+02
-8.538744e+02
-8.543233e+02
-8.542390e+02
-8.561144e+02
-8.546019e+02
-8.565656e+02
-8.545851e+02
-8.579250e+02
-8.544944e+02
-8.551498e+02
-8.540609e+02
-8.538637e+02
-8.551592e+02
-8.543484e+02
-8.540793e+02
-8.558535e+02
-8.542009e+02
-8.541625e+02
-8.542620e+02
-8.550510e+02
-8.544377e+02
-8.557331e+02
-8.575657e+02
-8.580416e+02
-8.544278e+02
-8.543666e+02
-8.549482e+02
-8.590446e+02
-8.543965e+02
-8.545412e+02
-8.542680e+02
-8.540892e+02
-8.547438e+02
-8.558337e+02
-8.541461e+02
-8.544084e+02
-8.555592e+02
-8.538876e+02
-8.572439e+02
-8.540972e+02
-8.548531e+02
-8.597638e+02
-8.542565e+02
-8.557879e+02
-8.547262e+02
-8.542809e+02
-8.542830e+02
-8.560343e+02
-8.543576e+02
-8.556340e+02
-8.552012e+02
-8.547636e+02
-8.545135e+02
-8.539416e+02
-8.551980e+02
-8.550413e+02
-8.543587e+02
-8.546369e+02
-8.543978e+02
-8.560173e+02
-8.540713e+02
-8.541544e+02
-8.545658e+02
-8.549031e+02
-8.557711e+02
-8.542605e+02
-8.542046e+02
-8.542221e+02
-8.543438e+02
-8.572671e+02
-8.538632e+02
-8.540645e+02
-8.575660e+02
-8.538675e+02
-8.544984e+02
-8.558948e+02
-8.570014e+02
-8.545436e+02
-8.559400e+02
-8.538906e+02
-8.552874e+02
-8.546538e+02
-8.567237e+02
-8.546294e+02
-8.543521e+02
-8.548362e+02
-8.572382e+02
-8.547364e+02
-8.540442e+02
-8.538655e+02
-8.542438e+02
-8.568618e+02
-8.566464e+02
-8.560479e+02
-8.542690e+02
-8.539623e+02
-8.543815e+02
-8.543997e+02
-8.571702e+02
-8.547292e+02
-8.540354e+02
-8.547597e+02
-8.542573e+02
-8.541879e+02
-8.550176e+02
-8.545311e+02
-8.546987e+02
-8.543638e+02
-8.541165e+02
-8.566133e+02
-8.560372e+02
-8.540606e+02
-8.541875e+02
-8.539808e+02
-8.543121e+02
-8.552851e+02
-8.541754e+02
-8.560960e+02
-8.547450e+02
-8.546181e+02
-8.560503e+02
-8.544134e+02
-8.543590e+02
-8.539015e+02
-8.541223e+02
-8.539618e+02
-8.539742e+02
-8.540757e+02
-8.563684e+02
-8.541585e+02
-8.544220e+02
-8.558025e+02
-8.539825e+02
-8.539080e+02
-8.539937e+02
-8.541177e+02
-8.539073e+02
-8.543951e+02
-8.555854e+02
-8.543669e+02
-8.551532e+02
-8.562799e+02
-8.567914e+02
-8.547449e+02
-8.541647e+02
-8.552124e+02
-8.541847e+02
-8.552112e+02
-8.561788e+02
-8.544339e+02
-8.541356e+02
-8.541128e+02
-8.556248e+02
-8.590107e+02
-8.552804e+02
-8.540100e+02
-8.543806e+02
-8.539408e+02
-8.551409e+02
-8.546415e+02
-8.546154e+02
-8.540918e+02
-8.549376e+02
-8.559248e+02
-8.556352e+02
-8.587927e+02
-8.540361e+02
-8.540556e+02
-8.539119e+02
-8.550410e+02
-8.543958e+02
-8.546175e+02
-8.562513e+02
-8.546058e+02
-8.544057e+02
-8.547746e+02
-8.543907e+02
-8.555363e+02
-8.538602e+02
-8.551357e+02
-8.541678e+02
-8.542375e+02
-8.541590e+02
-8.565798e+02
-8.540533e+02
-8.575140e+02
-8.550493e+02
-8.541001e+02
-8.546444e+02
-8.543089e+02
-8.545938e+02
-8.541586e+02
-8.548665e+02
-8.547671e+02
-8.548923e+02
-8.554873e+02
-8.541009e+02
-8.548311e+02
-8.543059e+02
-8.539270e+02
-8.545080e+02
-8.567786e+02
-8.541644e+02
-8.539980e+02
-8.543443e+02
-8.545673e+02
-8.568618e+02
-8.538772e+02
-8.557541e+02
-8.541993e+02
-8.545480e+02
-8.548020e+02
-8.540172e+02
-8.541740e+02
-8.547065e+02
-8.544694e+02
-8.543172e+02
-8.550832e+02
-8.542574e+02
-8.546358e+02
-8.551699e+02
-8.540155e+02
-8.561327e+02
-8.548537e+02
-8.545625e+02
-8.566494e+02
-8.541881e+02
-8.559427e+02
-8.546388e+02
-8.539877e+02
-8.543580e+02
-8.542096e+02
-8.544880e+02
-8.548782e+02
-8.551079e+02
-8.546709e+02
-8.562102e+02
-8.539313e+02
-8.540203e+02
-8.538847e+02
-8.539078e+02
-8.543314e+02
-8.541173e+02
-8.582724e+02
-8.540467e+02
-8.544820e+02
-8.548965e+02
-8.565328e+02
-8.543384e+02
-8.550760e+02
-8.542733e+02
-8.540608e+02
-8.542667e+02
-8.550670e+02
-8.557218e+02
-8.545251e+02
-8.573552e+02
-8.563847e+02
-8.545062e+02
-8.559008e+02
-8.543348e+02
-8.553865e+02
-8.557010e+02
-8.551358e+02
-8.549949e+02
-8.541871e+02
-8.544787e+02
-8.560521e+02
-8.541464e+02
-8.540603e+02
-8.541211e+02
-8.547706e+02
-8.560675e+02
-8.541986e+02
-8.546792e+02
-8.546916e+02
-8.562546e+02
-8.539777e+02
-8.540192e+02
-8.561101e+02
-8.546209e+02
-8.541852e+02
-8.541009e+02
-8.559469e+02
-8.547042e+02
-8.545678e+02
-8.548961e+02
-8.543518e+02
-8.544258e+02
-8.546277e+02
-8.549887e+02
-8.547400e+02
-8.555104e+02
-8.539594e+02
-8.549764e+02
-8.539896e+02
-8.550792e+02
-8.540916e+02
-8.553800e+02
-8.543498e+02
-8.539347e+02
-8.550375e+02
-8.540242e+02
-8.539127e+02
-8.541107e+02
-8.546763e+02
-8.539921e+02
-8.538978e+02
-8.540980e+02
-8.553884e+02
-8.552103e+02
-8.545520e+02
-8.540410e+02
-8.545794e+02
-8.554396e+02
-8.545678e+02
-8.542270e+02
-8.543863e+02
-8.558514e+02
-8.548665e+02
-8.545497e+02
-8.539298e+02
-8.549551e+02
-8.539815e+02
-8.552159e+02
-8.540627e+02
-8.549606e+02
-8.543021e+02
-8.540286e+02
-8.542529e+02
-8.541265e+02
-8.538946e+02
-8.539504e+02
-8.551074e+02
-8.539950e+02
-8.553486e+02
-8.544390e+02
-8.548677e+02
-8.553123e+02
-8.559598e+02
-8.553263e+02
-8.539264e+02
-8.546806e+02
-8.543605e+02
-8.555577e+02
-8.543083e+02
-8.554315e+02
-8.543537e+02
-8.541152e+02
-8.543182e+02
-8.545787e+02
-8.549866e+02
-8.547338e+02
-8.546266e+02
-8.539141e+02
-8.558910e+02
-8.544386e+02
-8.554890e+02
-8.542689e+02
-8.545031e+02
-8.544357e+02
-8.539408e+02
-8.538898e+02
-8.546644e+02
-8.540244e+02
-8.548260e+02
-8.546408e+02
-8.539565e+02
-8.552527e+02
-8.546791e+02
-8.559792e+02
-8.547534e+02
-8.594880e+02
-8.554157e+02
-8.539684e+02
-8.563521e+02
-8.563528e+02
-8.542550e+02
-8.546901e+02
-8.550458e+02
-8.548658e+02
-8.540671e+02
-8.542420e+02
-8.565602e+02
-8.572995e+02
-8.541150e+02
-8.542943e+02
-8.568122e+02
-8.548683e+02
-8.544668e+02
-8.540746e+02
-8.554062e+02
-8.541053e+02
-8.542915e+02
-8.539340e+02
-8.542140e+02
-8.542569e+02
-8.543291e+02
-8.550168e+02
-8.546133e+02
-8.540300e+02
-8.542915e+02
-8.559720e+02
-8.543298e+02
-8.540518e+02
-8.569056e+02
-8.540988e+02
-8.542654e+02
-8.594449e+02
-8.584478e+02
-8.552524e+02
-8.551477e+02
-8.539097e+02
-8.544993e+02
-8.546735e+02
